(0) b_pos_mask: 40201008040200

   0      0      0      0      0      0      0      0   

   0      0      0      0      0      0      1      0   

   0      0      0      0      0      1      0      0   

   0      0      0      0      1      0      0      0   

   0      0      0      1      0      0      0      0   

   0      0      1      0      0      0      0      0   

   0      1      0      0      0      0      0      0   

   0      0      0      0      0      0      0      0   



(1) b_pos_mask: 402010080400

   0      0      0      0      0      0      0      0   

   0      0      0      0      0      0      0      0   

   0      0      0      0      0      0      1      0   

   0      0      0      0      0      1      0      0   

   0      0      0      0      1      0      0      0   

   0      0      0      1      0      0      0      0   

   0      0      1      0      0      0      0      0   

   0      0      0      0      0      0      0      0   



(2) b_pos_mask: 4020100a00

   0      0      0      0      0      0      0      0   

   0      0      0      0      0      0      0      0   

   0      0      0      0      0      0      0      0   

   0      0      0      0      0      0      1      0   

   0      0      0      0      0      1      0      0   

   0      0      0      0      1      0      0      0   

   0      1      0      1      0      0      0      0   

   0      0      0      0      0      0      0      0   



(3) b_pos_mask: 40221400

   0      0      0      0      0      0      0      0   

   0      0      0      0      0      0      0      0   

   0      0      0      0      0      0      0      0   

   0      0      0      0      0      0      0      0   

   0      0      0      0      0      0      1      0   

   0      1      0      0      0      1      0      0   

   0      0      1      0      1      0      0      0   

   0      0      0      0      0      0      0      0   



(4) b_pos_mask: 2442800

   0      0      0      0      0      0      0      0   

   0      0      0      0      0      0      0      0   

   0      0      0      0      0      0      0      0   

   0      0      0      0      0      0      0      0   

   0      1      0      0      0      0      0      0   

   0      0      1      0      0      0      1      0   

   0      0      0      1      0      1      0      0   

   0      0      0      0      0      0      0      0   



(5) b_pos_mask: 204085000

   0      0      0      0      0      0      0      0   

   0      0      0      0      0      0      0      0   

   0      0      0      0      0      0      0      0   

   0      1      0      0      0      0      0      0   

   0      0      1      0      0      0      0      0   

   0      0      0      1      0      0      0      0   

   0      0      0      0      1      0      1      0   

   0      0      0      0      0      0      0      0   



(6) b_pos_mask: 20408102000

   0      0      0      0      0      0      0      0   

   0      0      0      0      0      0      0      0   

   0      1      0      0      0      0      0      0   

   0      0      1      0      0      0      0      0   

   0      0      0      1      0      0      0      0   

   0      0      0      0      1      0      0      0   

   0      0      0      0      0      1      0      0   

   0      0      0      0      0      0      0      0   



(7) b_pos_mask: 2040810204000

   0      0      0      0      0      0      0      0   

   0      1      0      0      0      0      0      0   

   0      0      1      0      0      0      0      0   

   0      0      0      1      0      0      0      0   

   0      0      0      0      1      0      0      0   

   0      0      0      0      0      1      0      0   

   0      0      0      0      0      0      1      0   

   0      0      0      0      0      0      0      0   



(8) b_pos_mask: 20100804020000

   0      0      0      0      0      0      0      0   

   0      0      0      0      0      1      0      0   

   0      0      0      0      1      0      0      0   

   0      0      0      1      0      0      0      0   

   0      0      1      0      0      0      0      0   

   0      1      0      0      0      0      0      0   

   0      0      0      0      0      0      0      0   

   0      0      0      0      0      0      0      0   



(9) b_pos_mask: 40201008040000

   0      0      0      0      0      0      0      0   

   0      0      0      0      0      0      1      0   

   0      0      0      0      0      1      0      0   

   0      0      0      0      1      0      0      0   

   0      0      0      1      0      0      0      0   

   0      0      1      0      0      0      0      0   

   0      0      0      0      0      0      0      0   

   0      0      0      0      0      0      0      0   



(10) b_pos_mask: 4020100a0000

   0      0      0      0      0      0      0      0   

   0      0      0      0      0      0      0      0   

   0      0      0      0      0      0      1      0   

   0      0      0      0      0      1      0      0   

   0      0      0      0      1      0      0      0   

   0      1      0      1      0      0      0      0   

   0      0      0      0      0      0      0      0   

   0      0      0      0      0      0      0      0   



(11) b_pos_mask: 4022140000

   0      0      0      0      0      0      0      0   

   0      0      0      0      0      0      0      0   

   0      0      0      0      0      0      0      0   

   0      0      0      0      0      0      1      0   

   0      1      0      0      0      1      0      0   

   0      0      1      0      1      0      0      0   

   0      0      0      0      0      0      0      0   

   0      0      0      0      0      0      0      0   



(12) b_pos_mask: 244280000

   0      0      0      0      0      0      0      0   

   0      0      0      0      0      0      0      0   

   0      0      0      0      0      0      0      0   

   0      1      0      0      0      0      0      0   

   0      0      1      0      0      0      1      0   

   0      0      0      1      0      1      0      0   

   0      0      0      0      0      0      0      0   

   0      0      0      0      0      0      0      0   



(13) b_pos_mask: 20408500000

   0      0      0      0      0      0      0      0   

   0      0      0      0      0      0      0      0   

   0      1      0      0      0      0      0      0   

   0      0      1      0      0      0      0      0   

   0      0      0      1      0      0      0      0   

   0      0      0      0      1      0      1      0   

   0      0      0      0      0      0      0      0   

   0      0      0      0      0      0      0      0   



(14) b_pos_mask: 2040810200000

   0      0      0      0      0      0      0      0   

   0      1      0      0      0      0      0      0   

   0      0      1      0      0      0      0      0   

   0      0      0      1      0      0      0      0   

   0      0      0      0      1      0      0      0   

   0      0      0      0      0      1      0      0   

   0      0      0      0      0      0      0      0   

   0      0      0      0      0      0      0      0   



(15) b_pos_mask: 4081020400000

   0      0      0      0      0      0      0      0   

   0      0      1      0      0      0      0      0   

   0      0      0      1      0      0      0      0   

   0      0      0      0      1      0      0      0   

   0      0      0      0      0      1      0      0   

   0      0      0      0      0      0      1      0   

   0      0      0      0      0      0      0      0   

   0      0      0      0      0      0      0      0   



(16) b_pos_mask: 10080402000200

   0      0      0      0      0      0      0      0   

   0      0      0      0      1      0      0      0   

   0      0      0      1      0      0      0      0   

   0      0      1      0      0      0      0      0   

   0      1      0      0      0      0      0      0   

   0      0      0      0      0      0      0      0   

   0      1      0      0      0      0      0      0   

   0      0      0      0      0      0      0      0   



(17) b_pos_mask: 20100804000400

   0      0      0      0      0      0      0      0   

   0      0      0      0      0      1      0      0   

   0      0      0      0      1      0      0      0   

   0      0      0      1      0      0      0      0   

   0      0      1      0      0      0      0      0   

   0      0      0      0      0      0      0      0   

   0      0      1      0      0      0      0      0   

   0      0      0      0      0      0      0      0   



(18) b_pos_mask: 4020100a000a00

   0      0      0      0      0      0      0      0   

   0      0      0      0      0      0      1      0   

   0      0      0      0      0      1      0      0   

   0      0      0      0      1      0      0      0   

   0      1      0      1      0      0      0      0   

   0      0      0      0      0      0      0      0   

   0      1      0      1      0      0      0      0   

   0      0      0      0      0      0      0      0   



(19) b_pos_mask: 402214001400

   0      0      0      0      0      0      0      0   

   0      0      0      0      0      0      0      0   

   0      0      0      0      0      0      1      0   

   0      1      0      0      0      1      0      0   

   0      0      1      0      1      0      0      0   

   0      0      0      0      0      0      0      0   

   0      0      1      0      1      0      0      0   

   0      0      0      0      0      0      0      0   



(20) b_pos_mask: 24428002800

   0      0      0      0      0      0      0      0   

   0      0      0      0      0      0      0      0   

   0      1      0      0      0      0      0      0   

   0      0      1      0      0      0      1      0   

   0      0      0      1      0      1      0      0   

   0      0      0      0      0      0      0      0   

   0      0      0      1      0      1      0      0   

   0      0      0      0      0      0      0      0   



(21) b_pos_mask: 2040850005000

   0      0      0      0      0      0      0      0   

   0      1      0      0      0      0      0      0   

   0      0      1      0      0      0      0      0   

   0      0      0      1      0      0      0      0   

   0      0      0      0      1      0      1      0   

   0      0      0      0      0      0      0      0   

   0      0      0      0      1      0      1      0   

   0      0      0      0      0      0      0      0   



(22) b_pos_mask: 4081020002000

   0      0      0      0      0      0      0      0   

   0      0      1      0      0      0      0      0   

   0      0      0      1      0      0      0      0   

   0      0      0      0      1      0      0      0   

   0      0      0      0      0      1      0      0   

   0      0      0      0      0      0      0      0   

   0      0      0      0      0      1      0      0   

   0      0      0      0      0      0      0      0   



(23) b_pos_mask: 8102040004000

   0      0      0      0      0      0      0      0   

   0      0      0      1      0      0      0      0   

   0      0      0      0      1      0      0      0   

   0      0      0      0      0      1      0      0   

   0      0      0      0      0      0      1      0   

   0      0      0      0      0      0      0      0   

   0      0      0      0      0      0      1      0   

   0      0      0      0      0      0      0      0   



(24) b_pos_mask: 8040200020400

   0      0      0      0      0      0      0      0   

   0      0      0      1      0      0      0      0   

   0      0      1      0      0      0      0      0   

   0      1      0      0      0      0      0      0   

   0      0      0      0      0      0      0      0   

   0      1      0      0      0      0      0      0   

   0      0      1      0      0      0      0      0   

   0      0      0      0      0      0      0      0   



(25) b_pos_mask: 10080400040800

   0      0      0      0      0      0      0      0   

   0      0      0      0      1      0      0      0   

   0      0      0      1      0      0      0      0   

   0      0      1      0      0      0      0      0   

   0      0      0      0      0      0      0      0   

   0      0      1      0      0      0      0      0   

   0      0      0      1      0      0      0      0   

   0      0      0      0      0      0      0      0   



(26) b_pos_mask: 20100a000a1000

   0      0      0      0      0      0      0      0   

   0      0      0      0      0      1      0      0   

   0      0      0      0      1      0      0      0   

   0      1      0      1      0      0      0      0   

   0      0      0      0      0      0      0      0   

   0      1      0      1      0      0      0      0   

   0      0      0      0      1      0      0      0   

   0      0      0      0      0      0      0      0   



(27) b_pos_mask: 40221400142200

   0      0      0      0      0      0      0      0   

   0      0      0      0      0      0      1      0   

   0      1      0      0      0      1      0      0   

   0      0      1      0      1      0      0      0   

   0      0      0      0      0      0      0      0   

   0      0      1      0      1      0      0      0   

   0      1      0      0      0      1      0      0   

   0      0      0      0      0      0      0      0   



(28) b_pos_mask: 2442800284400

   0      0      0      0      0      0      0      0   

   0      1      0      0      0      0      0      0   

   0      0      1      0      0      0      1      0   

   0      0      0      1      0      1      0      0   

   0      0      0      0      0      0      0      0   

   0      0      0      1      0      1      0      0   

   0      0      1      0      0      0      1      0   

   0      0      0      0      0      0      0      0   



(29) b_pos_mask: 4085000500800

   0      0      0      0      0      0      0      0   

   0      0      1      0      0      0      0      0   

   0      0      0      1      0      0      0      0   

   0      0      0      0      1      0      1      0   

   0      0      0      0      0      0      0      0   

   0      0      0      0      1      0      1      0   

   0      0      0      1      0      0      0      0   

   0      0      0      0      0      0      0      0   



(30) b_pos_mask: 8102000201000

   0      0      0      0      0      0      0      0   

   0      0      0      1      0      0      0      0   

   0      0      0      0      1      0      0      0   

   0      0      0      0      0      1      0      0   

   0      0      0      0      0      0      0      0   

   0      0      0      0      0      1      0      0   

   0      0      0      0      1      0      0      0   

   0      0      0      0      0      0      0      0   



(31) b_pos_mask: 10204000402000

   0      0      0      0      0      0      0      0   

   0      0      0      0      1      0      0      0   

   0      0      0      0      0      1      0      0   

   0      0      0      0      0      0      1      0   

   0      0      0      0      0      0      0      0   

   0      0      0      0      0      0      1      0   

   0      0      0      0      0      1      0      0   

   0      0      0      0      0      0      0      0   



(32) b_pos_mask: 4020002040800

   0      0      0      0      0      0      0      0   

   0      0      1      0      0      0      0      0   

   0      1      0      0      0      0      0      0   

   0      0      0      0      0      0      0      0   

   0      1      0      0      0      0      0      0   

   0      0      1      0      0      0      0      0   

   0      0      0      1      0      0      0      0   

   0      0      0      0      0      0      0      0   



(33) b_pos_mask: 8040004081000

   0      0      0      0      0      0      0      0   

   0      0      0      1      0      0      0      0   

   0      0      1      0      0      0      0      0   

   0      0      0      0      0      0      0      0   

   0      0      1      0      0      0      0      0   

   0      0      0      1      0      0      0      0   

   0      0      0      0      1      0      0      0   

   0      0      0      0      0      0      0      0   



(34) b_pos_mask: 100a000a102000

   0      0      0      0      0      0      0      0   

   0      0      0      0      1      0      0      0   

   0      1      0      1      0      0      0      0   

   0      0      0      0      0      0      0      0   

   0      1      0      1      0      0      0      0   

   0      0      0      0      1      0      0      0   

   0      0      0      0      0      1      0      0   

   0      0      0      0      0      0      0      0   



(35) b_pos_mask: 22140014224000

   0      0      0      0      0      0      0      0   

   0      1      0      0      0      1      0      0   

   0      0      1      0      1      0      0      0   

   0      0      0      0      0      0      0      0   

   0      0      1      0      1      0      0      0   

   0      1      0      0      0      1      0      0   

   0      0      0      0      0      0      1      0   

   0      0      0      0      0      0      0      0   



(36) b_pos_mask: 44280028440200

   0      0      0      0      0      0      0      0   

   0      0      1      0      0      0      1      0   

   0      0      0      1      0      1      0      0   

   0      0      0      0      0      0      0      0   

   0      0      0      1      0      1      0      0   

   0      0      1      0      0      0      1      0   

   0      1      0      0      0      0      0      0   

   0      0      0      0      0      0      0      0   



(37) b_pos_mask: 8500050080400

   0      0      0      0      0      0      0      0   

   0      0      0      1      0      0      0      0   

   0      0      0      0      1      0      1      0   

   0      0      0      0      0      0      0      0   

   0      0      0      0      1      0      1      0   

   0      0      0      1      0      0      0      0   

   0      0      1      0      0      0      0      0   

   0      0      0      0      0      0      0      0   



(38) b_pos_mask: 10200020100800

   0      0      0      0      0      0      0      0   

   0      0      0      0      1      0      0      0   

   0      0      0      0      0      1      0      0   

   0      0      0      0      0      0      0      0   

   0      0      0      0      0      1      0      0   

   0      0      0      0      1      0      0      0   

   0      0      0      1      0      0      0      0   

   0      0      0      0      0      0      0      0   



(39) b_pos_mask: 20400040201000

   0      0      0      0      0      0      0      0   

   0      0      0      0      0      1      0      0   

   0      0      0      0      0      0      1      0   

   0      0      0      0      0      0      0      0   

   0      0      0      0      0      0      1      0   

   0      0      0      0      0      1      0      0   

   0      0      0      0      1      0      0      0   

   0      0      0      0      0      0      0      0   



(40) b_pos_mask: 2000204081000

   0      0      0      0      0      0      0      0   

   0      1      0      0      0      0      0      0   

   0      0      0      0      0      0      0      0   

   0      1      0      0      0      0      0      0   

   0      0      1      0      0      0      0      0   

   0      0      0      1      0      0      0      0   

   0      0      0      0      1      0      0      0   

   0      0      0      0      0      0      0      0   



(41) b_pos_mask: 4000408102000

   0      0      0      0      0      0      0      0   

   0      0      1      0      0      0      0      0   

   0      0      0      0      0      0      0      0   

   0      0      1      0      0      0      0      0   

   0      0      0      1      0      0      0      0   

   0      0      0      0      1      0      0      0   

   0      0      0      0      0      1      0      0   

   0      0      0      0      0      0      0      0   



(42) b_pos_mask: a000a10204000

   0      0      0      0      0      0      0      0   

   0      1      0      1      0      0      0      0   

   0      0      0      0      0      0      0      0   

   0      1      0      1      0      0      0      0   

   0      0      0      0      1      0      0      0   

   0      0      0      0      0      1      0      0   

   0      0      0      0      0      0      1      0   

   0      0      0      0      0      0      0      0   



(43) b_pos_mask: 14001422400000

   0      0      0      0      0      0      0      0   

   0      0      1      0      1      0      0      0   

   0      0      0      0      0      0      0      0   

   0      0      1      0      1      0      0      0   

   0      1      0      0      0      1      0      0   

   0      0      0      0      0      0      1      0   

   0      0      0      0      0      0      0      0   

   0      0      0      0      0      0      0      0   



(44) b_pos_mask: 28002844020000

   0      0      0      0      0      0      0      0   

   0      0      0      1      0      1      0      0   

   0      0      0      0      0      0      0      0   

   0      0      0      1      0      1      0      0   

   0      0      1      0      0      0      1      0   

   0      1      0      0      0      0      0      0   

   0      0      0      0      0      0      0      0   

   0      0      0      0      0      0      0      0   



(45) b_pos_mask: 50005008040200

   0      0      0      0      0      0      0      0   

   0      0      0      0      1      0      1      0   

   0      0      0      0      0      0      0      0   

   0      0      0      0      1      0      1      0   

   0      0      0      1      0      0      0      0   

   0      0      1      0      0      0      0      0   

   0      1      0      0      0      0      0      0   

   0      0      0      0      0      0      0      0   



(46) b_pos_mask: 20002010080400

   0      0      0      0      0      0      0      0   

   0      0      0      0      0      1      0      0   

   0      0      0      0      0      0      0      0   

   0      0      0      0      0      1      0      0   

   0      0      0      0      1      0      0      0   

   0      0      0      1      0      0      0      0   

   0      0      1      0      0      0      0      0   

   0      0      0      0      0      0      0      0   



(47) b_pos_mask: 40004020100800

   0      0      0      0      0      0      0      0   

   0      0      0      0      0      0      1      0   

   0      0      0      0      0      0      0      0   

   0      0      0      0      0      0      1      0   

   0      0      0      0      0      1      0      0   

   0      0      0      0      1      0      0      0   

   0      0      0      1      0      0      0      0   

   0      0      0      0      0      0      0      0   



(48) b_pos_mask: 20408102000

   0      0      0      0      0      0      0      0   

   0      0      0      0      0      0      0      0   

   0      1      0      0      0      0      0      0   

   0      0      1      0      0      0      0      0   

   0      0      0      1      0      0      0      0   

   0      0      0      0      1      0      0      0   

   0      0      0      0      0      1      0      0   

   0      0      0      0      0      0      0      0   



(49) b_pos_mask: 40810204000

   0      0      0      0      0      0      0      0   

   0      0      0      0      0      0      0      0   

   0      0      1      0      0      0      0      0   

   0      0      0      1      0      0      0      0   

   0      0      0      0      1      0      0      0   

   0      0      0      0      0      1      0      0   

   0      0      0      0      0      0      1      0   

   0      0      0      0      0      0      0      0   



(50) b_pos_mask: a1020400000

   0      0      0      0      0      0      0      0   

   0      0      0      0      0      0      0      0   

   0      1      0      1      0      0      0      0   

   0      0      0      0      1      0      0      0   

   0      0      0      0      0      1      0      0   

   0      0      0      0      0      0      1      0   

   0      0      0      0      0      0      0      0   

   0      0      0      0      0      0      0      0   



(51) b_pos_mask: 142240000000

   0      0      0      0      0      0      0      0   

   0      0      0      0      0      0      0      0   

   0      0      1      0      1      0      0      0   

   0      1      0      0      0      1      0      0   

   0      0      0      0      0      0      1      0   

   0      0      0      0      0      0      0      0   

   0      0      0      0      0      0      0      0   

   0      0      0      0      0      0      0      0   



(52) b_pos_mask: 284402000000

   0      0      0      0      0      0      0      0   

   0      0      0      0      0      0      0      0   

   0      0      0      1      0      1      0      0   

   0      0      1      0      0      0      1      0   

   0      1      0      0      0      0      0      0   

   0      0      0      0      0      0      0      0   

   0      0      0      0      0      0      0      0   

   0      0      0      0      0      0      0      0   



(53) b_pos_mask: 500804020000

   0      0      0      0      0      0      0      0   

   0      0      0      0      0      0      0      0   

   0      0      0      0      1      0      1      0   

   0      0      0      1      0      0      0      0   

   0      0      1      0      0      0      0      0   

   0      1      0      0      0      0      0      0   

   0      0      0      0      0      0      0      0   

   0      0      0      0      0      0      0      0   



(54) b_pos_mask: 201008040200

   0      0      0      0      0      0      0      0   

   0      0      0      0      0      0      0      0   

   0      0      0      0      0      1      0      0   

   0      0      0      0      1      0      0      0   

   0      0      0      1      0      0      0      0   

   0      0      1      0      0      0      0      0   

   0      1      0      0      0      0      0      0   

   0      0      0      0      0      0      0      0   



(55) b_pos_mask: 402010080400

   0      0      0      0      0      0      0      0   

   0      0      0      0      0      0      0      0   

   0      0      0      0      0      0      1      0   

   0      0      0      0      0      1      0      0   

   0      0      0      0      1      0      0      0   

   0      0      0      1      0      0      0      0   

   0      0      1      0      0      0      0      0   

   0      0      0      0      0      0      0      0   



(56) b_pos_mask: 2040810204000

   0      0      0      0      0      0      0      0   

   0      1      0      0      0      0      0      0   

   0      0      1      0      0      0      0      0   

   0      0      0      1      0      0      0      0   

   0      0      0      0      1      0      0      0   

   0      0      0      0      0      1      0      0   

   0      0      0      0      0      0      1      0   

   0      0      0      0      0      0      0      0   



(57) b_pos_mask: 4081020400000

   0      0      0      0      0      0      0      0   

   0      0      1      0      0      0      0      0   

   0      0      0      1      0      0      0      0   

   0      0      0      0      1      0      0      0   

   0      0      0      0      0      1      0      0   

   0      0      0      0      0      0      1      0   

   0      0      0      0      0      0      0      0   

   0      0      0      0      0      0      0      0   



(58) b_pos_mask: a102040000000

   0      0      0      0      0      0      0      0   

   0      1      0      1      0      0      0      0   

   0      0      0      0      1      0      0      0   

   0      0      0      0      0      1      0      0   

   0      0      0      0      0      0      1      0   

   0      0      0      0      0      0      0      0   

   0      0      0      0      0      0      0      0   

   0      0      0      0      0      0      0      0   



(59) b_pos_mask: 14224000000000

   0      0      0      0      0      0      0      0   

   0      0      1      0      1      0      0      0   

   0      1      0      0      0      1      0      0   

   0      0      0      0      0      0      1      0   

   0      0      0      0      0      0      0      0   

   0      0      0      0      0      0      0      0   

   0      0      0      0      0      0      0      0   

   0      0      0      0      0      0      0      0   



(60) b_pos_mask: 28440200000000

   0      0      0      0      0      0      0      0   

   0      0      0      1      0      1      0      0   

   0      0      1      0      0      0      1      0   

   0      1      0      0      0      0      0      0   

   0      0      0      0      0      0      0      0   

   0      0      0      0      0      0      0      0   

   0      0      0      0      0      0      0      0   

   0      0      0      0      0      0      0      0   



(61) b_pos_mask: 50080402000000

   0      0      0      0      0      0      0      0   

   0      0      0      0      1      0      1      0   

   0      0      0      1      0      0      0      0   

   0      0      1      0      0      0      0      0   

   0      1      0      0      0      0      0      0   

   0      0      0      0      0      0      0      0   

   0      0      0      0      0      0      0      0   

   0      0      0      0      0      0      0      0   



(62) b_pos_mask: 20100804020000

   0      0      0      0      0      0      0      0   

   0      0      0      0      0      1      0      0   

   0      0      0      0      1      0      0      0   

   0      0      0      1      0      0      0      0   

   0      0      1      0      0      0      0      0   

   0      1      0      0      0      0      0      0   

   0      0      0      0      0      0      0      0   

   0      0      0      0      0      0      0      0   



(63) b_pos_mask: 40201008040200

   0      0      0      0      0      0      0      0   

   0      0      0      0      0      0      1      0   

   0      0      0      0      0      1      0      0   

   0      0      0      0      1      0      0      0   

   0      0      0      1      0      0      0      0   

   0      0      1      0      0      0      0      0   

   0      1      0      0      0      0      0      0   

   0      0      0      0      0      0      0      0   



